%=======================================================================
% MAT-fem 1.0  - MAT-fem is a learning tool for undestanding 
%                the Finite Element Method with MATLAB and GiD
%=======================================================================
% PROBLEM TITLE = Titulo del problema
%
%  Material Properties
%
  young =      100000000.00000 ;
  poiss =              0.40000 ;
  denss = 1.00 ;
  pstrs =  1 ;
  thick =              1.00000 ;
%
% Coordinates
%
global coordinates
coordinates = [
         0.00000   ,         1.00000  ;
         0.00000   ,         0.50000  ;
         1.00000   ,         1.00000  ;
         0.00000   ,         0.00000  ;
         1.00000   ,         0.50000  ;
         1.00000   ,         0.00000  ;
         2.00000   ,         1.00000  ;
         2.00000   ,         0.50000  ;
         2.00000   ,         0.00000  ;
         3.00000   ,         1.00000  ;
         3.00000   ,         0.50000  ;
         3.00000   ,         0.00000  ;
         4.00000   ,         1.00000  ;
         4.00000   ,         0.50000  ;
         4.00000   ,         0.00000  ;
         5.00000   ,         1.00000  ;
         5.00000   ,         0.50000  ;
         5.00000   ,         0.00000  ;
         6.00000   ,         1.00000  ;
         6.00000   ,         0.50000  ;
         6.00000   ,         0.00000  ;
         7.00000   ,         1.00000  ;
         7.00000   ,         0.50000  ;
         7.00000   ,         0.00000  ;
         8.00000   ,         1.00000  ;
         8.00000   ,         0.50000  ;
         8.00000   ,         0.00000  ;
         9.00000   ,         1.00000  ;
         9.00000   ,         0.50000  ;
         9.00000   ,         0.00000  ;
        10.00000   ,         1.00000  ;
        10.00000   ,         0.50000  ;
        10.00000   ,         0.00000  ] ; 
%
% Elements
%
global elements
elements = [
      6   ,      5   ,      2   ,      4   ; 
      9   ,      8   ,      5   ,      6   ; 
     12   ,     11   ,      8   ,      9   ; 
     15   ,     14   ,     11   ,     12   ; 
     18   ,     17   ,     14   ,     15   ; 
     21   ,     20   ,     17   ,     18   ; 
     24   ,     23   ,     20   ,     21   ; 
     27   ,     26   ,     23   ,     24   ; 
     30   ,     29   ,     26   ,     27   ; 
     33   ,     32   ,     29   ,     30   ; 
      5   ,      3   ,      1   ,      2   ; 
      8   ,      7   ,      3   ,      5   ; 
     11   ,     10   ,      7   ,      8   ; 
     14   ,     13   ,     10   ,     11   ; 
     17   ,     16   ,     13   ,     14   ; 
     20   ,     19   ,     16   ,     17   ; 
     23   ,     22   ,     19   ,     20   ; 
     26   ,     25   ,     22   ,     23   ; 
     29   ,     28   ,     25   ,     26   ; 
     32   ,     31   ,     28   ,     29   ] ; 
%
% Fixed Nodes
%
global fixnodes
fixnodes = [
      1  , 1 ,    0.00000  ;
      1  , 2 ,    0.00000  ;
      2  , 1 ,    0.00000  ;
      2  , 2 ,    0.00000  ;
      4  , 1 ,    0.00000  ;
      4  , 2 ,    0.00000  ;
     31  , 1 ,    0.00000  ;
     31  , 2 ,   -1.00000  ;
     32  , 1 ,    0.00000  ;
     32  , 2 ,   -1.00000  ;
     33  , 1 ,    0.00000  ;
     33  , 2 ,   -1.00000  ] ;
%
% Point loads
%
global pointload
pointload = [ ] ;
%
% Side loads
%
global sideload
sideload = [ ];

