%=======================================================================
% MAT-fem 1.0  - MAT-fem is a learning tool for undestanding 
%                the Finite Element Method with MATLAB and GiD
%=======================================================================
% PROBLEM TITLE = Titulo del problema
%
%  Material Properties
%
  young =      100000000.00000 ;
  poiss =              0.40000 ;
  denss = 1.00 ;
  pstrs =  1 ;
  thick =              1.00000 ;
%
% Coordinates
%
global coordinates
coordinates = [
         0.00000   ,         1.00000  ;
         0.50000   ,         1.00000  ;
         0.00000   ,         0.50000  ;
         0.70833   ,         0.51116  ;
         0.70833   ,         0.51116  ;
         1.00000   ,         1.00000  ;
         0.00000   ,         0.00000  ;
         0.50000   ,         0.00000  ;
         1.25000   ,         0.56699  ;
         1.25000   ,         0.56699  ;
         1.00000   ,         0.00000  ;
         1.50000   ,         1.00000  ;
         1.50000   ,         0.00000  ;
         1.75000   ,         0.56699  ;
         1.75000   ,         0.56699  ;
         2.00000   ,         1.00000  ;
         2.00000   ,         0.00000  ;
         2.25000   ,         0.56699  ;
         2.25000   ,         0.56699  ;
         2.50000   ,         1.00000  ;
         2.50000   ,         0.00000  ;
         2.75000   ,         0.56699  ;
         2.75000   ,         0.56699  ;
         3.00000   ,         1.00000  ;
         3.00000   ,         0.00000  ;
         3.25000   ,         0.56699  ;
         3.25000   ,         0.56699  ;
         3.50000   ,         1.00000  ;
         3.50000   ,         0.00000  ;
         3.75000   ,         0.56699  ;
         3.75000   ,         0.56699  ;
         4.00000   ,         1.00000  ;
         4.00000   ,         0.00000  ;
         4.25000   ,         0.56699  ;
         4.25000   ,         0.56699  ;
         4.50000   ,         1.00000  ;
         4.50000   ,         0.00000  ;
         4.75000   ,         0.56699  ;
         4.75000   ,         0.56699  ;
         5.00000   ,         1.00000  ;
         5.00000   ,         0.00000  ;
         5.25000   ,         0.43301  ;
         5.25000   ,         0.43301  ;
         5.50000   ,         1.00000  ;
         5.50000   ,         0.00000  ;
         5.75000   ,         0.43301  ;
         5.75000   ,         0.43301  ;
         6.00000   ,         1.00000  ;
         6.00000   ,         0.00000  ;
         6.25000   ,         0.43301  ;
         6.25000   ,         0.43301  ;
         6.50000   ,         1.00000  ;
         6.50000   ,         0.00000  ;
         6.75000   ,         0.43301  ;
         6.75000   ,         0.43301  ;
         7.00000   ,         1.00000  ;
         7.00000   ,         0.00000  ;
         7.25000   ,         0.43301  ;
         7.25000   ,         0.43301  ;
         7.50000   ,         1.00000  ;
         7.50000   ,         0.00000  ;
         7.75000   ,         0.43301  ;
         7.75000   ,         0.43301  ;
         8.00000   ,         1.00000  ;
         8.00000   ,         0.00000  ;
         8.25000   ,         0.43301  ;
         8.25000   ,         0.43301  ;
         8.50000   ,         1.00000  ;
         8.50000   ,         0.00000  ;
         8.75000   ,         0.43301  ;
         8.75000   ,         0.43301  ;
         9.00000   ,         1.00000  ;
         9.00000   ,         0.00000  ;
         9.29167   ,         0.48884  ;
         9.29167   ,         0.48884  ;
         9.50000   ,         1.00000  ;
         9.50000   ,         0.00000  ;
        10.00000   ,         1.00000  ;
        10.00000   ,         0.50000  ;
        10.00000   ,         0.00000  ] ; 
%
% Elements
%
global elements
elements = [
      7   ,      8   ,      3   ; 
     65   ,     69   ,     66   ; 
     40   ,     36   ,     39   ; 
     66   ,     69   ,     70   ; 
     65   ,     66   ,     63   ; 
     39   ,     36   ,     34   ; 
     70   ,     69   ,     73   ; 
     63   ,     66   ,     64   ; 
     34   ,     36   ,     32   ; 
     34   ,     32   ,     31   ; 
     31   ,     32   ,     28   ; 
     34   ,     31   ,     33   ; 
     31   ,     28   ,     27   ; 
     27   ,     28   ,     24   ; 
     31   ,     27   ,     29   ; 
     27   ,     24   ,     23   ; 
     23   ,     24   ,     20   ; 
     27   ,     23   ,     25   ; 
     23   ,     20   ,     19   ; 
     19   ,     20   ,     16   ; 
     23   ,     19   ,     21   ; 
     19   ,     16   ,     14   ; 
     14   ,     16   ,     12   ; 
     19   ,     14   ,     17   ; 
     14   ,     12   ,     10   ; 
     10   ,     12   ,      6   ; 
     14   ,     10   ,     13   ; 
     10   ,      6   ,      5   ; 
      5   ,      6   ,      2   ; 
     10   ,      5   ,     11   ; 
      5   ,      2   ,      3   ; 
     33   ,     37   ,     34   ; 
     72   ,     68   ,     70   ; 
     17   ,     21   ,     19   ; 
     80   ,     79   ,     77   ; 
     49   ,     53   ,     50   ; 
     50   ,     53   ,     55   ; 
     49   ,     50   ,     47   ; 
     55   ,     53   ,     57   ; 
     50   ,     55   ,     52   ; 
     47   ,     50   ,     48   ; 
     55   ,     57   ,     59   ; 
     59   ,     57   ,     61   ; 
     55   ,     59   ,     56   ; 
     59   ,     61   ,     63   ; 
     63   ,     61   ,     65   ; 
     59   ,     63   ,     60   ; 
     49   ,     47   ,     45   ; 
     45   ,     47   ,     42   ; 
     42   ,     47   ,     44   ; 
     45   ,     42   ,     41   ; 
     41   ,     42   ,     39   ; 
     56   ,     52   ,     55   ; 
     66   ,     70   ,     68   ; 
     11   ,     13   ,     10   ; 
     73   ,     77   ,     75   ; 
     75   ,     77   ,     79   ; 
     73   ,     75   ,     70   ; 
     70   ,     75   ,     72   ; 
     64   ,     60   ,     63   ; 
      1   ,      3   ,      2   ; 
     25   ,     29   ,     27   ; 
     78   ,     76   ,     79   ; 
     48   ,     44   ,     47   ; 
     39   ,     34   ,     37   ; 
      8   ,     11   ,      5   ; 
     37   ,     41   ,     39   ; 
     68   ,     64   ,     66   ; 
     21   ,     25   ,     23   ; 
     52   ,     48   ,     50   ; 
     13   ,     17   ,     14   ; 
     60   ,     56   ,     59   ; 
     40   ,     39   ,     42   ; 
     29   ,     33   ,     31   ; 
     76   ,     72   ,     75   ; 
     44   ,     40   ,     42   ; 
      8   ,      5   ,      3   ; 
     76   ,     75   ,     79   ; 
      7   ,      8   ,      3   ; 
     65   ,     69   ,     67   ; 
     40   ,     36   ,     38   ; 
     67   ,     69   ,     71   ; 
     65   ,     67   ,     62   ; 
     38   ,     36   ,     35   ; 
     71   ,     69   ,     73   ; 
     62   ,     67   ,     64   ; 
     35   ,     36   ,     32   ; 
     35   ,     32   ,     30   ; 
     30   ,     32   ,     28   ; 
     35   ,     30   ,     33   ; 
     30   ,     28   ,     26   ; 
     26   ,     28   ,     24   ; 
     30   ,     26   ,     29   ; 
     26   ,     24   ,     22   ; 
     22   ,     24   ,     20   ; 
     26   ,     22   ,     25   ; 
     22   ,     20   ,     18   ; 
     18   ,     20   ,     16   ; 
     22   ,     18   ,     21   ; 
     18   ,     16   ,     15   ; 
     15   ,     16   ,     12   ; 
     18   ,     15   ,     17   ; 
     15   ,     12   ,      9   ; 
      9   ,     12   ,      6   ; 
     15   ,      9   ,     13   ; 
      9   ,      6   ,      4   ; 
      4   ,      6   ,      2   ; 
      9   ,      4   ,     11   ; 
      4   ,      2   ,      3   ; 
     33   ,     37   ,     35   ; 
     72   ,     68   ,     71   ; 
     17   ,     21   ,     18   ; 
     80   ,     79   ,     77   ; 
     49   ,     53   ,     51   ; 
     51   ,     53   ,     54   ; 
     49   ,     51   ,     46   ; 
     54   ,     53   ,     57   ; 
     51   ,     54   ,     52   ; 
     46   ,     51   ,     48   ; 
     54   ,     57   ,     58   ; 
